i=29	[ 0  1 10780777  1  0 28 ] ('eqrr', 2, 0, 4)
i=29	[ 0 165 4793216  1  0 28 ] ('eqrr', 2, 0, 4)
i=29	[ 0 73 14905164  1  0 28 ] ('eqrr', 2, 0, 4)
i=29	[ 0 227 10639290  1  0 28 ] ('eqrr', 2, 0, 4)
i=29	[ 0 163 3696460  1  0 28 ] ('eqrr', 2, 0, 4)
i=29	[ 0 57 3625188  1  0 28 ] ('eqrr', 2, 0, 4)
i=29	[ 0 55 11526327  1  0 28 ] ('eqrr', 2, 0, 4)
i=29	[ 0 175 13588568  1  0 28 ] ('eqrr', 2, 0, 4)
i=29	[ 0 207 6312099  1  0 28 ] ('eqrr', 2, 0, 4)
i=29	[ 0 97 10365746  1  0 28 ] ('eqrr', 2, 0, 4)
i=29	[ 0 159 8314300  1  0 28 ] ('eqrr', 2, 0, 4)
i=29	[ 0 127 3103164  1  0 28 ] ('eqrr', 2, 0, 4)
i=29	[ 0 47 8225000  1  0 28 ] ('eqrr', 2, 0, 4)
i=29	[ 0 125 9058293  1  0 28 ] ('eqrr', 2, 0, 4)
i=29	[ 0 139 4109637  1  0 28 ] ('eqrr', 2, 0, 4)
i=29	[ 0 63 15476607  1  0 28 ] ('eqrr', 2, 0, 4)
i=29	[ 0 237 14911081  1  0 28 ] ('eqrr', 2, 0, 4)
i=29	[ 0 227 9931712  1  0 28 ] ('eqrr', 2, 0, 4)
i=29	[ 0 151 2756046  1  0 28 ] ('eqrr', 2, 0, 4)
i=29	[ 0 43 11545126  1  0 28 ] ('eqrr', 2, 0, 4)
i=29	[ 0 177 8298661  1  0 28 ] ('eqrr', 2, 0, 4)
i=29	[ 0 127 4646962  1  0 28 ] ('eqrr', 2, 0, 4)
i=29	[ 0 71 10511241  1  0 28 ] ('eqrr', 2, 0, 4)
i=29	[ 0 161 6838591  1  0 28 ] ('eqrr', 2, 0, 4)
i=29	[ 0 105 5783199  1  0 28 ] ('eqrr', 2, 0, 4)
i=29	[ 0 89 5406092  1  0 28 ] ('eqrr', 2, 0, 4)
i=29	[ 0 83 1623656  1  0 28 ] ('eqrr', 2, 0, 4)
i=29	[ 0 25 13123391  1  0 28 ] ('eqrr', 2, 0, 4)
i=29	[ 0 201 13139957  1  0 28 ] ('eqrr', 2, 0, 4)
i=29	[ 0 201 4051255  1  0 28 ] ('eqrr', 2, 0, 4)
i=29	[ 0 61 4613211  1  0 28 ] ('eqrr', 2, 0, 4)
i=29	[ 0 71 410992  1  0 28 ] ('eqrr', 2, 0, 4)
i=29	[ 0  7 239896  1  0 28 ] ('eqrr', 2, 0, 4)
i=29	[ 0  3 11859752  1  0 28 ] ('eqrr', 2, 0, 4)
i=29	[ 0 181 8817948  1  0 28 ] ('eqrr', 2, 0, 4)
i=29	[ 0 135 11327332  1  0 28 ] ('eqrr', 2, 0, 4)
i=29	[ 0 173 10604056  1  0 28 ] ('eqrr', 2, 0, 4)
i=29	[ 0 161 9190383  1  0 28 ] ('eqrr', 2, 0, 4)
i=29	[ 0 141 8624397  1  0 28 ] ('eqrr', 2, 0, 4)
i=29	[ 0 131 8391047  1  0 28 ] ('eqrr', 2, 0, 4)
i=29	[ 0 129 5078575  1  0 28 ] ('eqrr', 2, 0, 4)
i=29	[ 0 77 2537080  1  0 28 ] ('eqrr', 2, 0, 4)
i=29	[ 0 39 10742969  1  0 28 ] ('eqrr', 2, 0, 4)
i=29	[ 0 163 15540390  1  0 28 ] ('eqrr', 2, 0, 4)
i=29	[ 0 237 12125183  1  0 28 ] ('eqrr', 2, 0, 4)
i=29	[ 0 185 12387369  1  0 28 ] ('eqrr', 2, 0, 4)
i=29	[ 0 189 8970028  1  0 28 ] ('eqrr', 2, 0, 4)
i=29	[ 0 137 2981548  1  0 28 ] ('eqrr', 2, 0, 4)
i=29	[ 0 45 6692255  1  0 28 ] ('eqrr', 2, 0, 4)
i=29	[ 0 103 8927117  1  0 28 ] ('eqrr', 2, 0, 4)
i=29	[ 0 137 4403383  1  0 28 ] ('eqrr', 2, 0, 4)
i=29	[ 0 67 14737412  1  0 28 ] ('eqrr', 2, 0, 4)
i=29	[ 0 225 10195253  1  0 28 ] ('eqrr', 2, 0, 4)
i=29	[ 0 155 10126015  1  0 28 ] ('eqrr', 2, 0, 4)
i=29	[ 0 155 9510566  1  0 28 ] ('eqrr', 2, 0, 4)
i=29	[ 0 145 11303961  1  0 28 ] ('eqrr', 2, 0, 4)
i=29	[ 0 173 7096836  1  0 28 ] ('eqrr', 2, 0, 4)
i=29	[ 0 109 9786451  1  0 28 ] ('eqrr', 2, 0, 4)
i=29	[ 0 149 11380194  1  0 28 ] ('eqrr', 2, 0, 4)
i=29	[ 0 173 14005968  1  0 28 ] ('eqrr', 2, 0, 4)
i=29	[ 0 213 16687099  1  0 28 ] ('eqrr', 2, 0, 4)
i=29	[ 0 255 9543387  1  0 28 ] ('eqrr', 2, 0, 4)
i=29	[ 0 145 11498952  1  0 28 ] ('eqrr', 2, 0, 4)
i=29	[ 0 175 14210696  1  0 28 ] ('eqrr', 2, 0, 4)
i=29	[ 0 217 10814831  1  0 28 ] ('eqrr', 2, 0, 4)
i=29	[ 0 165 10288783  1  0 28 ] ('eqrr', 2, 0, 4)
i=29	[ 0 157 4924296  1  0 28 ] ('eqrr', 2, 0, 4)
i=29	[ 0 75 808122  1  0 28 ] ('eqrr', 2, 0, 4)
i=29	[ 0 13 1673839  1  0 28 ] ('eqrr', 2, 0, 4)
i=29	[ 0 25 4825640  1  0 28 ] ('eqrr', 2, 0, 4)
i=29	[ 0 73 6360203  1  0 28 ] ('eqrr', 2, 0, 4)
i=29	[ 0 97 13158982  1  0 28 ] ('eqrr', 2, 0, 4)
i=29	[ 0 201 3408045  1  0 28 ] ('eqrr', 2, 0, 4)
i=29	[ 0 53 2207292  1  0 28 ] ('eqrr', 2, 0, 4)
i=29	[ 0 33 12200699  1  0 28 ] ('eqrr', 2, 0, 4)
i=29	[ 0 187 9699298  1  0 28 ] ('eqrr', 2, 0, 4)
i=29	[ 0 147 11306748  1  0 28 ] ('eqrr', 2, 0, 4)
i=29	[ 0 173 2867927  1  0 28 ] ('eqrr', 2, 0, 4)
i=29	[ 0 43 9819614  1  0 28 ] ('eqrr', 2, 0, 4)
i=29	[ 0 149 2795052  1  0 28 ] ('eqrr', 2, 0, 4)
i=29	[ 0 43 11951665  1  0 28 ] ('eqrr', 2, 0, 4)
i=29	[ 0 183 10137164  1  0 28 ] ('eqrr', 2, 0, 4)
i=29	[ 0 155 8559913  1  0 28 ] ('eqrr', 2, 0, 4)
i=29	[ 0 131 6827391  1  0 28 ] ('eqrr', 2, 0, 4)
i=29	[ 0 105 7265171  1  0 28 ] ('eqrr', 2, 0, 4)
i=29	[ 0 111 11007055  1  0 28 ] ('eqrr', 2, 0, 4)
i=29	[ 0 167 11403708  1  0 28 ] ('eqrr', 2, 0, 4)
i=29	[ 0 175 12404432  1  0 28 ] ('eqrr', 2, 0, 4)
i=29	[ 0 189 6638851  1  0 28 ] ('eqrr', 2, 0, 4)
i=29	[ 0 101 1078483  1  0 28 ] ('eqrr', 2, 0, 4)
i=29	[ 0 17 9923414  1  0 28 ] ('eqrr', 2, 0, 4)
i=29	[ 0 151 2522192  1  0 28 ] ('eqrr', 2, 0, 4)
i=29	[ 0 39 15786455  1  0 28 ] ('eqrr', 2, 0, 4)
i=29	[ 0 241 8733447  1  0 28 ] ('eqrr', 2, 0, 4)
i=29	[ 0 133 13891653  1  0 28 ] ('eqrr', 2, 0, 4)
i=29	[ 0 211 634822  1  0 28 ] ('eqrr', 2, 0, 4)
i=29	[ 0  9 1626218  1  0 28 ] ('eqrr', 2, 0, 4)
i=29	[ 0 25 4330271  1  0 28 ] ('eqrr', 2, 0, 4)
i=29	[ 0 67 8765383  1  0 28 ] ('eqrr', 2, 0, 4)
i=29	[ 0 133 1738785  1  0 28 ] ('eqrr', 2, 0, 4)
i=29	[ 0 27 2129474  1  0 28 ] ('eqrr', 2, 0, 4)
i=29	[ 0 33 5689917  1  0 28 ] ('eqrr', 2, 0, 4)
i=29	[ 0 87 5617124  1  0 28 ] ('eqrr', 2, 0, 4)
i=29	[ 0 85 466494  1  0 28 ] ('eqrr', 2, 0, 4)
i=29	[ 0  7 2635443  1  0 28 ] ('eqrr', 2, 0, 4)
i=29	[ 0 41 12802608  1  0 28 ] ('eqrr', 2, 0, 4)
i=29	[ 0 195 4315161  1  0 28 ] ('eqrr', 2, 0, 4)
i=29	[ 0 65 10529628  1  0 28 ] ('eqrr', 2, 0, 4)
i=29	[ 0 161 5137072  1  0 28 ] ('eqrr', 2, 0, 4)
i=29	[ 0 79 16478949  1  0 28 ] ('eqrr', 2, 0, 4)
i=29	[ 0 251 2764680  1  0 28 ] ('eqrr', 2, 0, 4)
i=29	[ 0 43 804870  1  0 28 ] ('eqrr', 2, 0, 4)
i=29	[ 0 13 9338727  1  0 28 ] ('eqrr', 2, 0, 4)
i=29	[ 0 143 5327087  1  0 28 ] ('eqrr', 2, 0, 4)
i=29	[ 0 81 4155230  1  0 28 ] ('eqrr', 2, 0, 4)
i=29	[ 0 63 9754428  1  0 28 ] ('eqrr', 2, 0, 4)
i=29	[ 0 149 13057816  1  0 28 ] ('eqrr', 2, 0, 4)
i=29	[ 0 199 584826  1  0 28 ] ('eqrr', 2, 0, 4)
i=29	[ 0  9 2100699  1  0 28 ] ('eqrr', 2, 0, 4)
i=29	[ 0 33 15027247  1  0 28 ] ('eqrr', 2, 0, 4)
i=29	[ 0 229 9373150  1  0 28 ] ('eqrr', 2, 0, 4)
i=29	[ 0 143 10643290  1  0 28 ] ('eqrr', 2, 0, 4)
i=29	[ 0 163 15070140  1  0 28 ] ('eqrr', 2, 0, 4)
i=29	[ 0 229 2500164  1  0 28 ] ('eqrr', 2, 0, 4)
i=29	[ 0 39 2466765  1  0 28 ] ('eqrr', 2, 0, 4)
i=29	[ 0 37 3595703  1  0 28 ] ('eqrr', 2, 0, 4)
i=29	[ 0 55 13542917  1  0 28 ] ('eqrr', 2, 0, 4)
i=29	[ 0 207 10335768  1  0 28 ] ('eqrr', 2, 0, 4)
i=29	[ 0 157 4715755  1  0 28 ] ('eqrr', 2, 0, 4)
i=29	[ 0 71 4439088  1  0 28 ] ('eqrr', 2, 0, 4)
i=29	[ 0 67 7482731  1  0 28 ] ('eqrr', 2, 0, 4)
i=29	[ 0 115 1553221  1  0 28 ] ('eqrr', 2, 0, 4)
i=29	[ 0 23 1304917  1  0 28 ] ('eqrr', 2, 0, 4)
i=29	[ 0 19 15612895  1  0 28 ] ('eqrr', 2, 0, 4)
i=29	[ 0 239 9985747  1  0 28 ] ('eqrr', 2, 0, 4)
i=29	[ 0 153 9433160  1  0 28 ] ('eqrr', 2, 0, 4)
i=29	[ 0 143 1298059  1  0 28 ] ('eqrr', 2, 0, 4)
i=29	[ 0 19 2911198  1  0 28 ] ('eqrr', 2, 0, 4)
i=29	[ 0 45 5304858  1  0 28 ] ('eqrr', 2, 0, 4)
i=29	[ 0 81 10872105  1  0 28 ] ('eqrr', 2, 0, 4)
i=29	[ 0 165 4923837  1  0 28 ] ('eqrr', 2, 0, 4)
i=29	[ 0 75 6155383  1  0 28 ] ('eqrr', 2, 0, 4)
i=29	[ 0 93 6680574  1  0 28 ] ('eqrr', 2, 0, 4)
i=29	[ 0 101 8794950  1  0 28 ] ('eqrr', 2, 0, 4)
i=29	[ 0 135 8914936  1  0 28 ] ('eqrr', 2, 0, 4)
i=29	[ 0 137 13288632  1  0 28 ] ('eqrr', 2, 0, 4)
i=29	[ 0 203 5247011  1  0 28 ] ('eqrr', 2, 0, 4)
i=29	[ 0 81 2047170  1  0 28 ] ('eqrr', 2, 0, 4)
i=29	[ 0 31 1197365  1  0 28 ] ('eqrr', 2, 0, 4)
i=29	[ 0 19 15790843  1  0 28 ] ('eqrr', 2, 0, 4)
i=29	[ 0 241 9202940  1  0 28 ] ('eqrr', 2, 0, 4)
i=29	[ 0 141 1789613  1  0 28 ] ('eqrr', 2, 0, 4)
i=29	[ 0 27 14179772  1  0 28 ] ('eqrr', 2, 0, 4)
i=29	[ 0 217 8944858  1  0 28 ] ('eqrr', 2, 0, 4)
i=29	[ 0 137 15872395  1  0 28 ] ('eqrr', 2, 0, 4)
i=29	[ 0 243 9698825  1  0 28 ] ('eqrr', 2, 0, 4)
i=29	[ 0 147 11911656  1  0 28 ] ('eqrr', 2, 0, 4)
i=29	[ 0 181 10172502  1  0 28 ] ('eqrr', 2, 0, 4)
i=29	[ 0 155 2225953  1  0 28 ] ('eqrr', 2, 0, 4)
i=29	[ 0 33 13612283  1  0 28 ] ('eqrr', 2, 0, 4)
i=29	[ 0 207 1676280  1  0 28 ] ('eqrr', 2, 0, 4)
i=29	[ 0 25 8102676  1  0 28 ] ('eqrr', 2, 0, 4)
i=29	[ 0 123 663470  1  0 28 ] ('eqrr', 2, 0, 4)
i=29	[ 0 11 2401128  1  0 28 ] ('eqrr', 2, 0, 4)
i=29	[ 0 37 4976888  1  0 28 ] ('eqrr', 2, 0, 4)
i=29	[ 0 75 2549551  1  0 28 ] ('eqrr', 2, 0, 4)
i=29	[ 0 39 10067575  1  0 28 ] ('eqrr', 2, 0, 4)
i=29	[ 0 153 13725876  1  0 28 ] ('eqrr', 2, 0, 4)
i=29	[ 0 209 6406821  1  0 28 ] ('eqrr', 2, 0, 4)
i=29	[ 0 97 14228026  1  0 28 ] ('eqrr', 2, 0, 4)
i=29	[ 0 217 8905801  1  0 28 ] ('eqrr', 2, 0, 4)
i=29	[ 0 135 15761114  1  0 28 ] ('eqrr', 2, 0, 4)
i=29	[ 0 241 707189  1  0 28 ] ('eqrr', 2, 0, 4)
i=29	[ 0 11 5858944  1  0 28 ] ('eqrr', 2, 0, 4)
i=29	[ 0 89 8141927  1  0 28 ] ('eqrr', 2, 0, 4)
i=29	[ 0 125 11958526  1  0 28 ] ('eqrr', 2, 0, 4)
i=29	[ 0 183 7299981  1  0 28 ] ('eqrr', 2, 0, 4)
i=29	[ 0 111 4817829  1  0 28 ] ('eqrr', 2, 0, 4)
i=29	[ 0 73 9981099  1  0 28 ] ('eqrr', 2, 0, 4)
i=29	[ 0 153 10310222  1  0 28 ] ('eqrr', 2, 0, 4)
i=29	[ 0 157 15556137  1  0 28 ] ('eqrr', 2, 0, 4)
i=29	[ 0 237 11147334  1  0 28 ] ('eqrr', 2, 0, 4)
i=29	[ 0 171 14938497  1  0 28 ] ('eqrr', 2, 0, 4)
i=29	[ 0 227 5592795  1  0 28 ] ('eqrr', 2, 0, 4)
i=29	[ 0 85 11689132  1  0 28 ] ('eqrr', 2, 0, 4)
i=29	[ 0 179 3964687  1  0 28 ] ('eqrr', 2, 0, 4)
i=29	[ 0 61 5445665  1  0 28 ] ('eqrr', 2, 0, 4)
i=29	[ 0 83 14130362  1  0 28 ] ('eqrr', 2, 0, 4)
i=29	[ 0 215 10841317  1  0 28 ] ('eqrr', 2, 0, 4)
i=29	[ 0 165 12821824  1  0 28 ] ('eqrr', 2, 0, 4)
i=29	[ 0 195 14182780  1  0 28 ] ('eqrr', 2, 0, 4)
i=29	[ 0 217 7440582  1  0 28 ] ('eqrr', 2, 0, 4)
i=29	[ 0 113 10025395  1  0 28 ] ('eqrr', 2, 0, 4)
i=29	[ 0 153 12454891  1  0 28 ] ('eqrr', 2, 0, 4)
i=29	[ 0 191 2223095  1  0 28 ] ('eqrr', 2, 0, 4)
i=29	[ 0 33 12566961  1  0 28 ] ('eqrr', 2, 0, 4)
i=29	[ 0 191 10088623  1  0 28 ] ('eqrr', 2, 0, 4)
i=29	[ 0 153 1212958  1  0 28 ] ('eqrr', 2, 0, 4)
i=29	[ 0 19 16371099  1  0 28 ] ('eqrr', 2, 0, 4)
i=29	[ 0 249 9008247  1  0 28 ] ('eqrr', 2, 0, 4)
i=29	[ 0 137 5302186  1  0 28 ] ('eqrr', 2, 0, 4)
i=29	[ 0 81 1684966  1  0 28 ] ('eqrr', 2, 0, 4)
i=29	[ 0 25 13926864  1  0 28 ] ('eqrr', 2, 0, 4)
i=29	[ 0 213 4591534  1  0 28 ] ('eqrr', 2, 0, 4)
i=29	[ 0 71 14732524  1  0 28 ] ('eqrr', 2, 0, 4)
i=29	[ 0 225 2295289  1  0 28 ] ('eqrr', 2, 0, 4)
i=29	[ 0 35 12126967  1  0 28 ] ('eqrr', 2, 0, 4)
i=29	[ 0 185 8271008  1  0 28 ] ('eqrr', 2, 0, 4)
i=29	[ 0 127 881799  1  0 28 ] ('eqrr', 2, 0, 4)
i=29	[ 0 13 2227462  1  0 28 ] ('eqrr', 2, 0, 4)
i=29	[ 0 33 6064272  1  0 28 ] ('eqrr', 2, 0, 4)
i=29	[ 0 93 8283093  1  0 28 ] ('eqrr', 2, 0, 4)
i=29	[ 0 127 12030381  1  0 28 ] ('eqrr', 2, 0, 4)
i=29	[ 0 183 16642395  1  0 28 ] ('eqrr', 2, 0, 4)
i=29	[ 0 253 11978599  1  0 28 ] ('eqrr', 2, 0, 4)
i=29	[ 0 183 3818927  1  0 28 ] ('eqrr', 2, 0, 4)
i=29	[ 0 59 6957889  1  0 28 ] ('eqrr', 2, 0, 4)
i=29	[ 0 107 9665757  1  0 28 ] ('eqrr', 2, 0, 4)
i=29	[ 0 147 709810  1  0 28 ] ('eqrr', 2, 0, 4)
i=29	[ 0 11 15860097  1  0 28 ] ('eqrr', 2, 0, 4)
i=29	[ 0 243 14868507  1  0 28 ] ('eqrr', 2, 0, 4)
i=29	[ 0 227 876416  1  0 28 ] ('eqrr', 2, 0, 4)
i=29	[ 0 13 4701588  1  0 28 ] ('eqrr', 2, 0, 4)
i=29	[ 0 71 3425852  1  0 28 ] ('eqrr', 2, 0, 4)
i=29	[ 0 53 863279  1  0 28 ] ('eqrr', 2, 0, 4)
i=29	[ 0 13 11893878  1  0 28 ] ('eqrr', 2, 0, 4)
i=29	[ 0 181 3694467  1  0 28 ] ('eqrr', 2, 0, 4)
i=29	[ 0 57 8556785  1  0 28 ] ('eqrr', 2, 0, 4)
i=29	[ 0 131 3943154  1  0 28 ] ('eqrr', 2, 0, 4)
i=29	[ 0 61 15306317  1  0 28 ] ('eqrr', 2, 0, 4)
i=29	[ 0 233 13996278  1  0 28 ] ('eqrr', 2, 0, 4)
i=29	[ 0 213 10939607  1  0 28 ] ('eqrr', 2, 0, 4)
i=29	[ 0 167 8583180  1  0 28 ] ('eqrr', 2, 0, 4)
i=29	[ 0 131 10760155  1  0 28 ] ('eqrr', 2, 0, 4)
i=29	[ 0 165 1729517  1  0 28 ] ('eqrr', 2, 0, 4)
i=29	[ 0 27 13085609  1  0 28 ] ('eqrr', 2, 0, 4)
i=29	[ 0 199 15392137  1  0 28 ] ('eqrr', 2, 0, 4)
i=29	[ 0 235 10751575  1  0 28 ] ('eqrr', 2, 0, 4)
i=29	[ 0 165 12611400  1  0 28 ] ('eqrr', 2, 0, 4)
i=29	[ 0 193 7124536  1  0 28 ] ('eqrr', 2, 0, 4)
i=29	[ 0 109 11746107  1  0 28 ] ('eqrr', 2, 0, 4)
i=29	[ 0 179 4121747  1  0 28 ] ('eqrr', 2, 0, 4)
i=29	[ 0 63 1034432  1  0 28 ] ('eqrr', 2, 0, 4)
i=29	[ 0 15 1700619  1  0 28 ] ('eqrr', 2, 0, 4)
i=29	[ 0 25 16560029  1  0 28 ] ('eqrr', 2, 0, 4)
i=29	[ 0 253 4645147  1  0 28 ] ('eqrr', 2, 0, 4)
i=29	[ 0 71 4752645  1  0 28 ] ('eqrr', 2, 0, 4)
i=29	[ 0 73 4103741  1  0 28 ] ('eqrr', 2, 0, 4)
i=29	[ 0 63 6096456  1  0 28 ] ('eqrr', 2, 0, 4)
i=29	[ 0 93 7277195  1  0 28 ] ('eqrr', 2, 0, 4)
i=29	[ 0 111 2545838  1  0 28 ] ('eqrr', 2, 0, 4)
i=29	[ 0 39 5948109  1  0 28 ] ('eqrr', 2, 0, 4)
i=29	[ 0 91 9797296  1  0 28 ] ('eqrr', 2, 0, 4)
i=29	[ 0 149 14819939  1  0 28 ] ('eqrr', 2, 0, 4)
i=29	[ 0 227 1659274  1  0 28 ] ('eqrr', 2, 0, 4)
i=29	[ 0 25 11813816  1  0 28 ] ('eqrr', 2, 0, 4)
i=29	[ 0 181 6328760  1  0 28 ] ('eqrr', 2, 0, 4)
i=29	[ 0 97 14479098  1  0 28 ] ('eqrr', 2, 0, 4)
i=29	[ 0 221 1272169  1  0 28 ] ('eqrr', 2, 0, 4)
i=29	[ 0 19 5117403  1  0 28 ] ('eqrr', 2, 0, 4)
i=29	[ 0 79 13869873  1  0 28 ] ('eqrr', 2, 0, 4)
i=29	[ 0 211 15700445  1  0 28 ] ('eqrr', 2, 0, 4)
i=29	[ 0 239 2068563  1  0 28 ] ('eqrr', 2, 0, 4)
i=29	[ 0 31 14131692  1  0 28 ] ('eqrr', 2, 0, 4)
i=29	[ 0 215 13664952  1  0 28 ] ('eqrr', 2, 0, 4)
i=29	[ 0 209 10839283  1  0 28 ] ('eqrr', 2, 0, 4)
i=29	[ 0 165 4692994  1  0 28 ] ('eqrr', 2, 0, 4)
i=29	[ 0 71 9848077  1  0 28 ] ('eqrr', 2, 0, 4)
i=29	[ 0 151 11747631  1  0 28 ] ('eqrr', 2, 0, 4)
i=29	[ 0 179 1351941  1  0 28 ] ('eqrr', 2, 0, 4)
i=29	[ 0 21 11182269  1  0 28 ] ('eqrr', 2, 0, 4)
i=29	[ 0 171 15191646  1  0 28 ] ('eqrr', 2, 0, 4)
i=29	[ 0 231 2547171  1  0 28 ] ('eqrr', 2, 0, 4)
i=29	[ 0 39 9727385  1  0 28 ] ('eqrr', 2, 0, 4)
i=29	[ 0 149 1714341  1  0 28 ] ('eqrr', 2, 0, 4)
i=29	[ 0 27 10556334  1  0 28 ] ('eqrr', 2, 0, 4)
i=29	[ 0 161 10180462  1  0 28 ] ('eqrr', 2, 0, 4)
i=29	[ 0 155 12514128  1  0 28 ] ('eqrr', 2, 0, 4)
i=29	[ 0 191 15924574  1  0 28 ] ('eqrr', 2, 0, 4)
i=29	[ 0 243 14380766  1  0 28 ] ('eqrr', 2, 0, 4)
i=29	[ 0 219 8909055  1  0 28 ] ('eqrr', 2, 0, 4)
i=29	[ 0 135 8733320  1  0 28 ] ('eqrr', 2, 0, 4)
i=29	[ 0 133 7273311  1  0 28 ] ('eqrr', 2, 0, 4)
i=29	[ 0 111 11242131  1  0 28 ] ('eqrr', 2, 0, 4)
i=29	[ 0 171 9137370  1  0 28 ] ('eqrr', 2, 0, 4)
i=29	[ 0 139 7604433  1  0 28 ] ('eqrr', 2, 0, 4)
i=29	[ 0 117 13703792  1  0 28 ] ('eqrr', 2, 0, 4)
i=29	[ 0 209 8802931  1  0 28 ] ('eqrr', 2, 0, 4)
i=29	[ 0 135 9115382  1  0 28 ] ('eqrr', 2, 0, 4)
i=29	[ 0 139 7026623  1  0 28 ] ('eqrr', 2, 0, 4)
i=29	[ 0 107 1576547  1  0 28 ] ('eqrr', 2, 0, 4)
i=29	[ 0 25 7208104  1  0 28 ] ('eqrr', 2, 0, 4)
i=29	[ 0 109 14966305  1  0 28 ] ('eqrr', 2, 0, 4)
i=29	[ 0 229 8071766  1  0 28 ] ('eqrr', 2, 0, 4)
i=29	[ 0 123 3253155  1  0 28 ] ('eqrr', 2, 0, 4)
i=29	[ 0 49 7784733  1  0 28 ] ('eqrr', 2, 0, 4)
i=29	[ 0 119 4341859  1  0 28 ] ('eqrr', 2, 0, 4)
i=29	[ 0 67 13156440  1  0 28 ] ('eqrr', 2, 0, 4)
i=29	[ 0 201 1794889  1  0 28 ] ('eqrr', 2, 0, 4)
i=29	[ 0 27 11175549  1  0 28 ] ('eqrr', 2, 0, 4)
i=29	[ 0 171 12612308  1  0 28 ] ('eqrr', 2, 0, 4)
i=29	[ 0 193 10304455  1  0 28 ] ('eqrr', 2, 0, 4)
i=29	[ 0 157 13714117  1  0 28 ] ('eqrr', 2, 0, 4)
i=29	[ 0 209 14935786  1  0 28 ] ('eqrr', 2, 0, 4)
i=29	[ 0 227 759539  1  0 28 ] ('eqrr', 2, 0, 4)
i=29	[ 0 11 14502342  1  0 28 ] ('eqrr', 2, 0, 4)
i=29	[ 0 221 14477136  1  0 28 ] ('eqrr', 2, 0, 4)
i=29	[ 0 221 15796028  1  0 28 ] ('eqrr', 2, 0, 4)
i=29	[ 0 241 10586940  1  0 28 ] ('eqrr', 2, 0, 4)
i=29	[ 0 161 11698480  1  0 28 ] ('eqrr', 2, 0, 4)
i=29	[ 0 179 1715096  1  0 28 ] ('eqrr', 2, 0, 4)
i=29	[ 0 27 15330210  1  0 28 ] ('eqrr', 2, 0, 4)
i=29	[ 0 233 15447482  1  0 28 ] ('eqrr', 2, 0, 4)
i=29	[ 0 235 13749586  1  0 28 ] ('eqrr', 2, 0, 4)
i=29	[ 0 209 16672788  1  0 28 ] ('eqrr', 2, 0, 4)
i=29	[ 0 255 12991031  1  0 28 ] ('eqrr', 2, 0, 4)
i=29	[ 0 199 6786282  1  0 28 ] ('eqrr', 2, 0, 4)
i=29	[ 0 103 10351125  1  0 28 ] ('eqrr', 2, 0, 4)
i=29	[ 0 157 14287694  1  0 28 ] ('eqrr', 2, 0, 4)
i=29	[ 0 219 8576764  1  0 28 ] ('eqrr', 2, 0, 4)
i=29	[ 0 131 4355809  1  0 28 ] ('eqrr', 2, 0, 4)
i=29	[ 0 67 12436536  1  0 28 ] ('eqrr', 2, 0, 4)
i=29	[ 0 189 13882057  1  0 28 ] ('eqrr', 2, 0, 4)
i=29	[ 0 211 8053532  1  0 28 ] ('eqrr', 2, 0, 4)
i=29	[ 0 123 3256454  1  0 28 ] ('eqrr', 2, 0, 4)
i=29	[ 0 49 14808859  1  0 28 ] ('eqrr', 2, 0, 4)
i=29	[ 0 225 7576393  1  0 28 ] ('eqrr', 2, 0, 4)
i=29	[ 0 115 4430781  1  0 28 ] ('eqrr', 2, 0, 4)
i=29	[ 0 67 4664649  1  0 28 ] ('eqrr', 2, 0, 4)
i=29	[ 0 71 4600283  1  0 28 ] ('eqrr', 2, 0, 4)
i=29	[ 0 71 7070741  1  0 28 ] ('eqrr', 2, 0, 4)
i=29	[ 0 107 14128714  1  0 28 ] ('eqrr', 2, 0, 4)
i=29	[ 0 215 7665727  1  0 28 ] ('eqrr', 2, 0, 4)
i=29	[ 0 117 9306250  1  0 28 ] ('eqrr', 2, 0, 4)
i=29	[ 0 143 13766273  1  0 28 ] ('eqrr', 2, 0, 4)
i=29	[ 0 211 12244512  1  0 28 ] ('eqrr', 2, 0, 4)
i=29	[ 0 187 9263405  1  0 28 ] ('eqrr', 2, 0, 4)
i=29	[ 0 141 2421717  1  0 28 ] ('eqrr', 2, 0, 4)
i=29	[ 0 37 14588447  1  0 28 ] ('eqrr', 2, 0, 4)
i=29	[ 0 223 789642  1  0 28 ] ('eqrr', 2, 0, 4)
i=29	[ 0 13 7304919  1  0 28 ] ('eqrr', 2, 0, 4)
i=29	[ 0 111 12150622  1  0 28 ] ('eqrr', 2, 0, 4)
i=29	[ 0 185 1016890  1  0 28 ] ('eqrr', 2, 0, 4)
i=29	[ 0 15 3008117  1  0 28 ] ('eqrr', 2, 0, 4)
i=29	[ 0 45 1827570  1  0 28 ] ('eqrr', 2, 0, 4)
i=29	[ 0 27 611087  1  0 28 ] ('eqrr', 2, 0, 4)
i=29	[ 0  9 16668313  1  0 28 ] ('eqrr', 2, 0, 4)
i=29	[ 0 255 1867860  1  0 28 ] ('eqrr', 2, 0, 4)
i=29	[ 0 29 5918681  1  0 28 ] ('eqrr', 2, 0, 4)
i=29	[ 0 91 13015417  1  0 28 ] ('eqrr', 2, 0, 4)
i=29	[ 0 199 13720823  1  0 28 ] ('eqrr', 2, 0, 4)
i=29	[ 0 209 13055466  1  0 28 ] ('eqrr', 2, 0, 4)
i=29	[ 0 199 9801046  1  0 28 ] ('eqrr', 2, 0, 4)
i=29	[ 0 149 13948428  1  0 28 ] ('eqrr', 2, 0, 4)
i=29	[ 0 213 4605839  1  0 28 ] ('eqrr', 2, 0, 4)
i=29	[ 0 71 9090903  1  0 28 ] ('eqrr', 2, 0, 4)
i=29	[ 0 139 4200075  1  0 28 ] ('eqrr', 2, 0, 4)
i=29	[ 0 65 1620000  1  0 28 ] ('eqrr', 2, 0, 4)
i=29	[ 0 25 10101193  1  0 28 ] ('eqrr', 2, 0, 4)
i=29	[ 0 155 15249867  1  0 28 ] ('eqrr', 2, 0, 4)
i=29	[ 0 233 12738843  1  0 28 ] ('eqrr', 2, 0, 4)
i=29	[ 0 195 12834905  1  0 28 ] ('eqrr', 2, 0, 4)
i=29	[ 0 195 5929074  1  0 28 ] ('eqrr', 2, 0, 4)
i=29	[ 0 91 6972341  1  0 28 ] ('eqrr', 2, 0, 4)
i=29	[ 0 107 518897  1  0 28 ] ('eqrr', 2, 0, 4)
i=29	[ 0  7 11563048  1  0 28 ] ('eqrr', 2, 0, 4)
i=29	[ 0 177 10033121  1  0 28 ] ('eqrr', 2, 0, 4)
i=29	[ 0 153 15416195  1  0 28 ] ('eqrr', 2, 0, 4)
i=29	[ 0 235 13970259  1  0 28 ] ('eqrr', 2, 0, 4)
i=29	[ 0 213 5607681  1  0 28 ] ('eqrr', 2, 0, 4)
i=29	[ 0 85 5725857  1  0 28 ] ('eqrr', 2, 0, 4)
i=29	[ 0 87 5933692  1  0 28 ] ('eqrr', 2, 0, 4)
i=29	[ 0 91 13316085  1  0 28 ] ('eqrr', 2, 0, 4)
i=29	[ 0 203 12515901  1  0 28 ] ('eqrr', 2, 0, 4)
i=29	[ 0 191 8304196  1  0 28 ] ('eqrr', 2, 0, 4)
i=29	[ 0 127 16754853  1  0 28 ] ('eqrr', 2, 0, 4)
i=29	[ 0 255 8893306  1  0 28 ] ('eqrr', 2, 0, 4)
i=29	[ 0 135 8791380  1  0 28 ] ('eqrr', 2, 0, 4)
i=29	[ 0 135 16510564  1  0 28 ] ('eqrr', 2, 0, 4)
i=29	[ 0 251 5798737  1  0 28 ] ('eqrr', 2, 0, 4)
i=29	[ 0 89 5243479  1  0 28 ] ('eqrr', 2, 0, 4)
i=29	[ 0 81 4970368  1  0 28 ] ('eqrr', 2, 0, 4)
i=29	[ 0 75 13065270  1  0 28 ] ('eqrr', 2, 0, 4)
i=29	[ 0 199 1248553  1  0 28 ] ('eqrr', 2, 0, 4)
i=29	[ 0 19 7734943  1  0 28 ] ('eqrr', 2, 0, 4)
i=29	[ 0 119 3149726  1  0 28 ] ('eqrr', 2, 0, 4)
i=29	[ 0 49 8185994  1  0 28 ] ('eqrr', 2, 0, 4)
i=29	[ 0 125 8547491  1  0 28 ] ('eqrr', 2, 0, 4)
i=29	[ 0 131 6334372  1  0 28 ] ('eqrr', 2, 0, 4)
i=29	[ 0 97 783460  1  0 28 ] ('eqrr', 2, 0, 4)
i=29	[ 0 11 7812951  1  0 28 ] ('eqrr', 2, 0, 4)
i=29	[ 0 119 2792879  1  0 28 ] ('eqrr', 2, 0, 4)
i=29	[ 0 43 10159145  1  0 28 ] ('eqrr', 2, 0, 4)
i=29	[ 0 155 6729462  1  0 28 ] ('eqrr', 2, 0, 4)
i=29	[ 0 103 8954507  1  0 28 ] ('eqrr', 2, 0, 4)
i=29	[ 0 137 8559460  1  0 28 ] ('eqrr', 2, 0, 4)
i=29	[ 0 131 14085934  1  0 28 ] ('eqrr', 2, 0, 4)
i=29	[ 0 215 381308  1  0 28 ] ('eqrr', 2, 0, 4)
i=29	[ 0  5 6125394  1  0 28 ] ('eqrr', 2, 0, 4)
i=29	[ 0 93 16308594  1  0 28 ] ('eqrr', 2, 0, 4)
i=29	[ 0 249 14830552  1  0 28 ] ('eqrr', 2, 0, 4)
i=29	[ 0 227 15364890  1  0 28 ] ('eqrr', 2, 0, 4)
i=29	[ 0 235 1533376  1  0 28 ] ('eqrr', 2, 0, 4)
i=29	[ 0 23 10023128  1  0 28 ] ('eqrr', 2, 0, 4)
i=29	[ 0 153 14273385  1  0 28 ] ('eqrr', 2, 0, 4)
i=29	[ 0 217 12990831  1  0 28 ] ('eqrr', 2, 0, 4)
i=29	[ 0 199 10468441  1  0 28 ] ('eqrr', 2, 0, 4)
i=29	[ 0 159 9828650  1  0 28 ] ('eqrr', 2, 0, 4)
i=29	[ 0 149 2104788  1  0 28 ] ('eqrr', 2, 0, 4)
i=29	[ 0 33 4419962  1  0 28 ] ('eqrr', 2, 0, 4)
i=29	[ 0 67 9507126  1  0 28 ] ('eqrr', 2, 0, 4)
i=29	[ 0 145 9696356  1  0 28 ] ('eqrr', 2, 0, 4)
i=29	[ 0 147 16775215  1  0 28 ] ('eqrr', 2, 0, 4)
i=29	[ 0 255 13303560  1  0 28 ] ('eqrr', 2, 0, 4)
i=29	[ 0 203 12662710  1  0 28 ] ('eqrr', 2, 0, 4)
i=29	[ 0 193 4376938  1  0 28 ] ('eqrr', 2, 0, 4)
i=29	[ 0 67 8666014  1  0 28 ] ('eqrr', 2, 0, 4)
i=29	[ 0 133 15849330  1  0 28 ] ('eqrr', 2, 0, 4)
i=29	[ 0 241 2767630  1  0 28 ] ('eqrr', 2, 0, 4)
i=29	[ 0 43 14379300  1  0 28 ] ('eqrr', 2, 0, 4)
i=29	[ 0 219 13094676  1  0 28 ] ('eqrr', 2, 0, 4)
i=29	[ 0 199 7799614  1  0 28 ] ('eqrr', 2, 0, 4)
i=29	[ 0 119 13667328  1  0 28 ] ('eqrr', 2, 0, 4)
i=29	[ 0 209 9905285  1  0 28 ] ('eqrr', 2, 0, 4)
i=29	[ 0 151 2240062  1  0 28 ] ('eqrr', 2, 0, 4)
i=29	[ 0 35 12880375  1  0 28 ] ('eqrr', 2, 0, 4)
i=29	[ 0 197 11771755  1  0 28 ] ('eqrr', 2, 0, 4)
i=29	[ 0 179 8995943  1  0 28 ] ('eqrr', 2, 0, 4)
i=29	[ 0 137 8560586  1  0 28 ] ('eqrr', 2, 0, 4)
i=29	[ 0 131 2540324  1  0 28 ] ('eqrr', 2, 0, 4)
i=29	[ 0 39 247010  1  0 28 ] ('eqrr', 2, 0, 4)
i=29	[ 0  3 5446185  1  0 28 ] ('eqrr', 2, 0, 4)
i=29	[ 0 83 11437252  1  0 28 ] ('eqrr', 2, 0, 4)
i=29	[ 0 175 7179795  1  0 28 ] ('eqrr', 2, 0, 4)
i=29	[ 0 109 4126292  1  0 28 ] ('eqrr', 2, 0, 4)
i=29	[ 0 63 901461  1  0 28 ] ('eqrr', 2, 0, 4)
i=29	[ 0 13 2606709  1  0 28 ] ('eqrr', 2, 0, 4)
i=29	[ 0 39 1409872  1  0 28 ] ('eqrr', 2, 0, 4)
i=29	[ 0 21 13032288  1  0 28 ] ('eqrr', 2, 0, 4)
i=29	[ 0 199 560270  1  0 28 ] ('eqrr', 2, 0, 4)
i=29	[ 0  9 8404727  1  0 28 ] ('eqrr', 2, 0, 4)
i=29	[ 0 129 2519756  1  0 28 ] ('eqrr', 2, 0, 4)
i=29	[ 0 39 14384849  1  0 28 ] ('eqrr', 2, 0, 4)
i=29	[ 0 219 13167704  1  0 28 ] ('eqrr', 2, 0, 4)
i=29	[ 0 201 3922709  1  0 28 ] ('eqrr', 2, 0, 4)
i=29	[ 0 59 997817  1  0 28 ] ('eqrr', 2, 0, 4)
i=29	[ 0 15 5138287  1  0 28 ] ('eqrr', 2, 0, 4)
i=29	[ 0 79 16224111  1  0 28 ] ('eqrr', 2, 0, 4)
i=29	[ 0 247 6351503  1  0 28 ] ('eqrr', 2, 0, 4)
i=29	[ 0 97 3053568  1  0 28 ] ('eqrr', 2, 0, 4)
i=29	[ 0 47 1335163  1  0 28 ] ('eqrr', 2, 0, 4)
i=29	[ 0 21 3636045  1  0 28 ] ('eqrr', 2, 0, 4)
i=29	[ 0 55 1728725  1  0 28 ] ('eqrr', 2, 0, 4)
i=29	[ 0 27 13302710  1  0 28 ] ('eqrr', 2, 0, 4)
i=29	[ 0 203 11463996  1  0 28 ] ('eqrr', 2, 0, 4)
i=29	[ 0 175 7446492  1  0 28 ] ('eqrr', 2, 0, 4)
i=29	[ 0 113 7087988  1  0 28 ] ('eqrr', 2, 0, 4)
i=29	[ 0 109 2971992  1  0 28 ] ('eqrr', 2, 0, 4)
i=29	[ 0 45 9792934  1  0 28 ] ('eqrr', 2, 0, 4)
i=29	[ 0 149 5855452  1  0 28 ] ('eqrr', 2, 0, 4)
i=29	[ 0 89 7029789  1  0 28 ] ('eqrr', 2, 0, 4)
i=29	[ 0 107 16565570  1  0 28 ] ('eqrr', 2, 0, 4)
i=29	[ 0 253 1887104  1  0 28 ] ('eqrr', 2, 0, 4)
i=29	[ 0 29 7928400  1  0 28 ] ('eqrr', 2, 0, 4)
i=29	[ 0 121 9743659  1  0 28 ] ('eqrr', 2, 0, 4)
i=29	[ 0 149 273211  1  0 28 ] ('eqrr', 2, 0, 4)
i=29	[ 0  5 1032777  1  0 28 ] ('eqrr', 2, 0, 4)
i=29	[ 0 15 13072416  1  0 28 ] ('eqrr', 2, 0, 4)
i=29	[ 0 199 4745795  1  0 28 ] ('eqrr', 2, 0, 4)
i=29	[ 0 73 10727636  1  0 28 ] ('eqrr', 2, 0, 4)
i=29	[ 0 163 13613579  1  0 28 ] ('eqrr', 2, 0, 4)
i=29	[ 0 207 10163838  1  0 28 ] ('eqrr', 2, 0, 4)
i=29	[ 0 155 3409799  1  0 28 ] ('eqrr', 2, 0, 4)
i=29	[ 0 53 5311737  1  0 28 ] ('eqrr', 2, 0, 4)
i=29	[ 0 81 13590336  1  0 28 ] ('eqrr', 2, 0, 4)
i=29	[ 0 207 13876202  1  0 28 ] ('eqrr', 2, 0, 4)
i=29	[ 0 211 11733808  1  0 28 ] ('eqrr', 2, 0, 4)
i=29	[ 0 179 8972882  1  0 28 ] ('eqrr', 2, 0, 4)
i=29	[ 0 137 3035377  1  0 28 ] ('eqrr', 2, 0, 4)
i=29	[ 0 47 15140246  1  0 28 ] ('eqrr', 2, 0, 4)
i=29	[ 0 231 10284234  1  0 28 ] ('eqrr', 2, 0, 4)
i=29	[ 0 157 3783079  1  0 28 ] ('eqrr', 2, 0, 4)
i=29	[ 0 57 2261415  1  0 28 ] ('eqrr', 2, 0, 4)
i=29	[ 0 35 13355517  1  0 28 ] ('eqrr', 2, 0, 4)
i=29	[ 0 203 14123039  1  0 28 ] ('eqrr', 2, 0, 4)
i=29	[ 0 215 1292904  1  0 28 ] ('eqrr', 2, 0, 4)
i=29	[ 0 19 10622481  1  0 28 ] ('eqrr', 2, 0, 4)
i=29	[ 0 163 2769800  1  0 28 ] ('eqrr', 2, 0, 4)
i=29	[ 0 43 15498874  1  0 28 ] ('eqrr', 2, 0, 4)
i=29	[ 0 237 3417513  1  0 28 ] ('eqrr', 2, 0, 4)
i=29	[ 0 53 4628909  1  0 28 ] ('eqrr', 2, 0, 4)
i=29	[ 0 71 884251  1  0 28 ] ('eqrr', 2, 0, 4)
i=29	[ 0 13 8725820  1  0 28 ] ('eqrr', 2, 0, 4)
i=29	[ 0 133 8733638  1  0 28 ] ('eqrr', 2, 0, 4)
i=29	[ 0 133 7625266  1  0 28 ] ('eqrr', 2, 0, 4)
i=29	[ 0 117 16589349  1  0 28 ] ('eqrr', 2, 0, 4)
i=29	[ 0 253 399950  1  0 28 ] ('eqrr', 2, 0, 4)
i=29	[ 0  7 1437951  1  0 28 ] ('eqrr', 2, 0, 4)
i=29	[ 0 21 1220834  1  0 28 ] ('eqrr', 2, 0, 4)
i=29	[ 0 19 184021  1  0 28 ] ('eqrr', 2, 0, 4)
i=29	[ 0  3 8652076  1  0 28 ] ('eqrr', 2, 0, 4)
i=29	[ 0 133 3614582  1  0 28 ] ('eqrr', 2, 0, 4)
i=29	[ 0 55 50540  1  0 28 ] ('eqrr', 2, 0, 4)
i=29	[ 0  1 15436746  1  0 28 ] ('eqrr', 2, 0, 4)
i=29	[ 0 235 11477032  1  0 28 ] ('eqrr', 2, 0, 4)
i=29	[ 0 175 1456955  1  0 28 ] ('eqrr', 2, 0, 4)
i=29	[ 0 23 10618719  1  0 28 ] ('eqrr', 2, 0, 4)
i=29	[ 0 163 16595963  1  0 28 ] ('eqrr', 2, 0, 4)
i=29	[ 0 253 3050433  1  0 28 ] ('eqrr', 2, 0, 4)
i=29	[ 0 47 12998313  1  0 28 ] ('eqrr', 2, 0, 4)
i=29	[ 0 199 3274268  1  0 28 ] ('eqrr', 2, 0, 4)
i=29	[ 0 49 15694675  1  0 28 ] ('eqrr', 2, 0, 4)
i=29	[ 0 239 15765423  1  0 28 ] ('eqrr', 2, 0, 4)
i=29	[ 0 241 9565901  1  0 28 ] ('eqrr', 2, 0, 4)
i=29	[ 0 145 11294934  1  0 28 ] ('eqrr', 2, 0, 4)
i=29	[ 0 173 10654023  1  0 28 ] ('eqrr', 2, 0, 4)
i=29	[ 0 163 16387053  1  0 28 ] ('eqrr', 2, 0, 4)
i=29	[ 0 251 6814129  1  0 28 ] ('eqrr', 2, 0, 4)
i=29	[ 0 103 8522847  1  0 28 ] ('eqrr', 2, 0, 4)
i=29	[ 0 131 1383480  1  0 28 ] ('eqrr', 2, 0, 4)
i=29	[ 0 21 6888233  1  0 28 ] ('eqrr', 2, 0, 4)
i=29	[ 0 105 10266287  1  0 28 ] ('eqrr', 2, 0, 4)
i=29	[ 0 157 10862160  1  0 28 ] ('eqrr', 2, 0, 4)
i=29	[ 0 165 2115635  1  0 28 ] ('eqrr', 2, 0, 4)
i=29	[ 0 33 8214106  1  0 28 ] ('eqrr', 2, 0, 4)
i=29	[ 0 125 6786961  1  0 28 ] ('eqrr', 2, 0, 4)
i=29	[ 0 103 7692645  1  0 28 ] ('eqrr', 2, 0, 4)
i=29	[ 0 117 14490045  1  0 28 ] ('eqrr', 2, 0, 4)
i=29	[ 0 221 3188149  1  0 28 ] ('eqrr', 2, 0, 4)
i=29	[ 0 49 8277093  1  0 28 ] ('eqrr', 2, 0, 4)
i=29	[ 0 127 3075774  1  0 28 ] ('eqrr', 2, 0, 4)
i=29	[ 0 47 4247355  1  0 28 ] ('eqrr', 2, 0, 4)
i=29	[ 0 65 11392481  1  0 28 ] ('eqrr', 2, 0, 4)
i=29	[ 0 173 5332269  1  0 28 ] ('eqrr', 2, 0, 4)
i=29	[ 0 81 4762021  1  0 28 ] ('eqrr', 2, 0, 4)
i=29	[ 0 73 11056161  1  0 28 ] ('eqrr', 2, 0, 4)
i=29	[ 0 169 13614952  1  0 28 ] ('eqrr', 2, 0, 4)
i=29	[ 0 207 9907778  1  0 28 ] ('eqrr', 2, 0, 4)
i=29	[ 0 151 5021631  1  0 28 ] ('eqrr', 2, 0, 4)
i=29	[ 0 77 12254977  1  0 28 ] ('eqrr', 2, 0, 4)
i=29	[ 0 187 9378497  1  0 28 ] ('eqrr', 2, 0, 4)
i=29	[ 0 143 13478688  1  0 28 ] ('eqrr', 2, 0, 4)
i=29	[ 0 205 5701024  1  0 28 ] ('eqrr', 2, 0, 4)
i=29	[ 0 87 8347408  1  0 28 ] ('eqrr', 2, 0, 4)
i=29	[ 0 127 10091242  1  0 28 ] ('eqrr', 2, 0, 4)
i=29	[ 0 153 10577017  1  0 28 ] ('eqrr', 2, 0, 4)
i=29	[ 0 161 15898312  1  0 28 ] ('eqrr', 2, 0, 4)
i=29	[ 0 243 16093389  1  0 28 ] ('eqrr', 2, 0, 4)
i=29	[ 0 245 16765164  1  0 28 ] ('eqrr', 2, 0, 4)
i=29	[ 0 255 10566503  1  0 28 ] ('eqrr', 2, 0, 4)
i=29	[ 0 161 174417  1  0 28 ] ('eqrr', 2, 0, 4)
i=29	[ 0  3 13239715  1  0 28 ] ('eqrr', 2, 0, 4)
i=29	[ 0 203 12580173  1  0 28 ] ('eqrr', 2, 0, 4)
i=29	[ 0 191 9727447  1  0 28 ] ('eqrr', 2, 0, 4)
i=29	[ 0 149 4687039  1  0 28 ] ('eqrr', 2, 0, 4)
i=29	[ 0 71 15510780  1  0 28 ] ('eqrr', 2, 0, 4)
i=29	[ 0 237 8160525  1  0 28 ] ('eqrr', 2, 0, 4)
i=29	[ 0 125 10078865  1  0 28 ] ('eqrr', 2, 0, 4)
i=29	[ 0 153 7358702  1  0 28 ] ('eqrr', 2, 0, 4)
i=29	[ 0 113 5945451  1  0 28 ] ('eqrr', 2, 0, 4)
i=29	[ 0 91 4787120  1  0 28 ] ('eqrr', 2, 0, 4)
i=29	[ 0 73 9207172  1  0 28 ] ('eqrr', 2, 0, 4)
i=29	[ 0 141 2897422  1  0 28 ] ('eqrr', 2, 0, 4)
i=29	[ 0 45 10837597  1  0 28 ] ('eqrr', 2, 0, 4)
i=29	[ 0 165 6189834  1  0 28 ] ('eqrr', 2, 0, 4)
i=29	[ 0 95 3987980  1  0 28 ] ('eqrr', 2, 0, 4)
i=29	[ 0 61 883435  1  0 28 ] ('eqrr', 2, 0, 4)
i=29	[ 0 13 1580488  1  0 28 ] ('eqrr', 2, 0, 4)
i=29	[ 0 25 70206  1  0 28 ] ('eqrr', 2, 0, 4)
i=29	[ 0  1 134533  1  0 28 ] ('eqrr', 2, 0, 4)
i=29	[ 0  3 2432451  1  0 28 ] ('eqrr', 2, 0, 4)
i=29	[ 0 37 16045475  1  0 28 ] ('eqrr', 2, 0, 4)
i=29	[ 0 245 7104299  1  0 28 ] ('eqrr', 2, 0, 4)
i=29	[ 0 109 13317101  1  0 28 ] ('eqrr', 2, 0, 4)
i=29	[ 0 203 16261769  1  0 28 ] ('eqrr', 2, 0, 4)
i=29	[ 0 249 15213838  1  0 28 ] ('eqrr', 2, 0, 4)
i=29	[ 0 233 670376  1  0 28 ] ('eqrr', 2, 0, 4)
i=29	[ 0 11 13615865  1  0 28 ] ('eqrr', 2, 0, 4)
i=29	[ 0 207 14680432  1  0 28 ] ('eqrr', 2, 0, 4)
i=29	[ 0 225 8267026  1  0 28 ] ('eqrr', 2, 0, 4)
i=29	[ 0 127 11736486  1  0 28 ] ('eqrr', 2, 0, 4)
i=29	[ 0 179 3576782  1  0 28 ] ('eqrr', 2, 0, 4)
i=29	[ 0 55 13477888  1  0 28 ] ('eqrr', 2, 0, 4)
i=29	[ 0 205 3369749  1  0 28 ] ('eqrr', 2, 0, 4)
i=29	[ 0 51 8781169  1  0 28 ] ('eqrr', 2, 0, 4)
i=29	[ 0 133 13184269  1  0 28 ] ('eqrr', 2, 0, 4)
i=29	[ 0 201 10831549  1  0 28 ] ('eqrr', 2, 0, 4)
i=29	[ 0 165 15782098  1  0 28 ] ('eqrr', 2, 0, 4)
i=29	[ 0 241 1361695  1  0 28 ] ('eqrr', 2, 0, 4)
i=29	[ 0 21 3762337  1  0 28 ] ('eqrr', 2, 0, 4)
i=29	[ 0 57 11303724  1  0 28 ] ('eqrr', 2, 0, 4)
i=29	[ 0 173 15769972  1  0 28 ] ('eqrr', 2, 0, 4)
i=29	[ 0 241 10707118  1  0 28 ] ('eqrr', 2, 0, 4)
i=29	[ 0 163 9841641  1  0 28 ] ('eqrr', 2, 0, 4)
i=29	[ 0 151 15749561  1  0 28 ] ('eqrr', 2, 0, 4)
i=29	[ 0 241 7465277  1  0 28 ] ('eqrr', 2, 0, 4)
i=29	[ 0 113 14162273  1  0 28 ] ('eqrr', 2, 0, 4)
i=29	[ 0 217 7172661  1  0 28 ] ('eqrr', 2, 0, 4)
i=29	[ 0 109 4451614  1  0 28 ] ('eqrr', 2, 0, 4)
i=29	[ 0 67 7550206  1  0 28 ] ('eqrr', 2, 0, 4)
i=29	[ 0 115 13257213  1  0 28 ] ('eqrr', 2, 0, 4)
i=29	[ 0 203 14033823  1  0 28 ] ('eqrr', 2, 0, 4)
i=29	[ 0 215 583347  1  0 28 ] ('eqrr', 2, 0, 4)
i=29	[ 0  9 2427904  1  0 28 ] ('eqrr', 2, 0, 4)
i=29	[ 0 37 15258657  1  0 28 ] ('eqrr', 2, 0, 4)
i=29	[ 0 233 1077576  1  0 28 ] ('eqrr', 2, 0, 4)
i=29	[ 0 17 7062042  1  0 28 ] ('eqrr', 2, 0, 4)
i=29	[ 0 107 4163415  1  0 28 ] ('eqrr', 2, 0, 4)
i=29	[ 0 63 7546903  1  0 28 ] ('eqrr', 2, 0, 4)
i=29	[ 0 115 4676204  1  0 28 ] ('eqrr', 2, 0, 4)
i=29	[ 0 71 15256505  1  0 28 ] ('eqrr', 2, 0, 4)
i=29	[ 0 233 5974543  1  0 28 ] ('eqrr', 2, 0, 4)
i=29	[ 0 91 12081982  1  0 28 ] ('eqrr', 2, 0, 4)
i=29	[ 0 185 5495086  1  0 28 ] ('eqrr', 2, 0, 4)
i=29	[ 0 83 15784554  1  0 28 ] ('eqrr', 2, 0, 4)
i=29	[ 0 241 9134241  1  0 28 ] ('eqrr', 2, 0, 4)
i=29	[ 0 139 4118954  1  0 28 ] ('eqrr', 2, 0, 4)
i=29	[ 0 63 3634754  1  0 28 ] ('eqrr', 2, 0, 4)
i=29	[ 0 55 11328423  1  0 28 ] ('eqrr', 2, 0, 4)
i=29	[ 0 173 4686517  1  0 28 ] ('eqrr', 2, 0, 4)
i=29	[ 0 71 789580  1  0 28 ] ('eqrr', 2, 0, 4)
i=29	[ 0 13 4332221  1  0 28 ] ('eqrr', 2, 0, 4)
i=29	[ 0 67 7196176  1  0 28 ] ('eqrr', 2, 0, 4)
i=29	[ 0 109 3215259  1  0 28 ] ('eqrr', 2, 0, 4)
i=29	[ 0 49 7230353  1  0 28 ] ('eqrr', 2, 0, 4)
i=29	[ 0 111 14469473  1  0 28 ] ('eqrr', 2, 0, 4)
i=29	[ 0 221 15947537  1  0 28 ] ('eqrr', 2, 0, 4)
i=29	[ 0 243 5465585  1  0 28 ] ('eqrr', 2, 0, 4)
i=29	[ 0 83 12808655  1  0 28 ] ('eqrr', 2, 0, 4)
i=29	[ 0 195 11464261  1  0 28 ] ('eqrr', 2, 0, 4)
i=29	[ 0 175 7692672  1  0 28 ] ('eqrr', 2, 0, 4)
i=29	[ 0 117 6313598  1  0 28 ] ('eqrr', 2, 0, 4)
i=29	[ 0 97 16409481  1  0 28 ] ('eqrr', 2, 0, 4)
i=29	[ 0 251 12769501  1  0 28 ] ('eqrr', 2, 0, 4)
i=29	[ 0 195 14422846  1  0 28 ] ('eqrr', 2, 0, 4)
i=29	[ 0 221 12011570  1  0 28 ] ('eqrr', 2, 0, 4)
i=29	[ 0 183 1003193  1  0 28 ] ('eqrr', 2, 0, 4)
i=29	[ 0 15 434332  1  0 28 ] ('eqrr', 2, 0, 4)
i=29	[ 0  7 10649375  1  0 28 ] ('eqrr', 2, 0, 4)
i=29	[ 0 163 486899  1  0 28 ] ('eqrr', 2, 0, 4)
i=29	[ 0  7 4248697  1  0 28 ] ('eqrr', 2, 0, 4)
i=29	[ 0 65 1261464  1  0 28 ] ('eqrr', 2, 0, 4)
i=29	[ 0 19 12719806  1  0 28 ] ('eqrr', 2, 0, 4)
i=29	[ 0 195 9655551  1  0 28 ] ('eqrr', 2, 0, 4)
i=29	[ 0 147 15706832  1  0 28 ] ('eqrr', 2, 0, 4)
i=29	[ 0 239 16294957  1  0 28 ] ('eqrr', 2, 0, 4)
i=29	[ 0 249 14309676  1  0 28 ] ('eqrr', 2, 0, 4)
i=29	[ 0 219 7243292  1  0 28 ] ('eqrr', 2, 0, 4)
i=29	[ 0 111 11313741  1  0 28 ] ('eqrr', 2, 0, 4)
i=29	[ 0 173 7959126  1  0 28 ] ('eqrr', 2, 0, 4)
i=29	[ 0 121 15754453  1  0 28 ] ('eqrr', 2, 0, 4)
i=29	[ 0 241 144908  1  0 28 ] ('eqrr', 2, 0, 4)
i=29	[ 0  3 7432745  1  0 28 ] ('eqrr', 2, 0, 4)
i=29	[ 0 113 5081374  1  0 28 ] ('eqrr', 2, 0, 4)
i=29	[ 0 77 1848040  1  0 28 ] ('eqrr', 2, 0, 4)
i=29	[ 0 29 5823351  1  0 28 ] ('eqrr', 2, 0, 4)
i=29	[ 0 89 637961  1  0 28 ] ('eqrr', 2, 0, 4)
i=29	[ 0  9 8014472  1  0 28 ] ('eqrr', 2, 0, 4)
i=29	[ 0 123 2425593  1  0 28 ] ('eqrr', 2, 0, 4)
i=29	[ 0 37 3343778  1  0 28 ] ('eqrr', 2, 0, 4)
i=29	[ 0 51 2244978  1  0 28 ] ('eqrr', 2, 0, 4)
i=29	[ 0 35 13205134  1  0 28 ] ('eqrr', 2, 0, 4)
i=29	[ 0 201 7416089  1  0 28 ] ('eqrr', 2, 0, 4)
i=29	[ 0 113 2560757  1  0 28 ] ('eqrr', 2, 0, 4)
i=29	[ 0 39 10601148  1  0 28 ] ('eqrr', 2, 0, 4)
i=29	[ 0 161 8994927  1  0 28 ] ('eqrr', 2, 0, 4)
i=29	[ 0 137 4814718  1  0 28 ] ('eqrr', 2, 0, 4)
i=29	[ 0 73 12229466  1  0 28 ] ('eqrr', 2, 0, 4)
i=29	[ 0 187 14590808  1  0 28 ] ('eqrr', 2, 0, 4)
i=29	[ 0 223 12137350  1  0 28 ] ('eqrr', 2, 0, 4)
i=29	[ 0 185 15819678  1  0 28 ] ('eqrr', 2, 0, 4)
i=29	[ 0 241 2022782  1  0 28 ] ('eqrr', 2, 0, 4)
i=29	[ 0 31 10581378  1  0 28 ] ('eqrr', 2, 0, 4)
i=29	[ 0 161 7767036  1  0 28 ] ('eqrr', 2, 0, 4)
i=29	[ 0 119 7171610  1  0 28 ] ('eqrr', 2, 0, 4)
i=29	[ 0 109 6333817  1  0 28 ] ('eqrr', 2, 0, 4)
i=29	[ 0 97 9104641  1  0 28 ] ('eqrr', 2, 0, 4)
i=29	[ 0 139 3057071  1  0 28 ] ('eqrr', 2, 0, 4)
i=29	[ 0 47 6234013  1  0 28 ] ('eqrr', 2, 0, 4)
i=29	[ 0 95 2521345  1  0 28 ] ('eqrr', 2, 0, 4)
i=29	[ 0 39 15260687  1  0 28 ] ('eqrr', 2, 0, 4)
i=29	[ 0 233 7932218  1  0 28 ] ('eqrr', 2, 0, 4)
i=29	[ 0 121 13577696  1  0 28 ] ('eqrr', 2, 0, 4)
i=29	[ 0 207 11331496  1  0 28 ] ('eqrr', 2, 0, 4)
i=29	[ 0 173 7110580  1  0 28 ] ('eqrr', 2, 0, 4)
i=29	[ 0 109 10837424  1  0 28 ] ('eqrr', 2, 0, 4)
i=29	[ 0 165 1695546  1  0 28 ] ('eqrr', 2, 0, 4)
i=29	[ 0 25 60518  1  0 28 ] ('eqrr', 2, 0, 4)
i=29	[ 0  1 11979783  1  0 28 ] ('eqrr', 2, 0, 4)
i=29	[ 0 183 10466348  1  0 28 ] ('eqrr', 2, 0, 4)
i=29	[ 0 159 16459979  1  0 28 ] ('eqrr', 2, 0, 4)
i=29	[ 0 251 3868064  1  0 28 ] ('eqrr', 2, 0, 4)
i=29	[ 0 59 2135076  1  0 28 ] ('eqrr', 2, 0, 4)
i=29	[ 0 33 5586025  1  0 28 ] ('eqrr', 2, 0, 4)
i=29	[ 0 85 9959660  1  0 28 ] ('eqrr', 2, 0, 4)
i=29	[ 0 151 16323799  1  0 28 ] ('eqrr', 2, 0, 4)
i=29	[ 0 249 9642042  1  0 28 ] ('eqrr', 2, 0, 4)
i=29	[ 0 147 5345629  1  0 28 ] ('eqrr', 2, 0, 4)
i=29	[ 0 81 1214153  1  0 28 ] ('eqrr', 2, 0, 4)
i=29	[ 0 19 10028016  1  0 28 ] ('eqrr', 2, 0, 4)
i=29	[ 0 153 5500396  1  0 28 ] ('eqrr', 2, 0, 4)
i=29	[ 0 83 7116408  1  0 28 ] ('eqrr', 2, 0, 4)
i=29	[ 0 109 15333595  1  0 28 ] ('eqrr', 2, 0, 4)
i=29	[ 0 233 16312218  1  0 28 ] ('eqrr', 2, 0, 4)
i=29	[ 0 249 7659246  1  0 28 ] ('eqrr', 2, 0, 4)
i=29	[ 0 117 15750781  1  0 28 ] ('eqrr', 2, 0, 4)
i=29	[ 0 241 8803174  1  0 28 ] ('eqrr', 2, 0, 4)
i=29	[ 0 135 2353528  1  0 28 ] ('eqrr', 2, 0, 4)
i=29	[ 0 35 11039208  1  0 28 ] ('eqrr', 2, 0, 4)
i=29	[ 0 169 937346  1  0 28 ] ('eqrr', 2, 0, 4)
i=29	[ 0 15 2312206  1  0 28 ] ('eqrr', 2, 0, 4)
i=29	[ 0 35 13336881  1  0 28 ] ('eqrr', 2, 0, 4)
i=29	[ 0 203 3615219  1  0 28 ] ('eqrr', 2, 0, 4)
i=29	[ 0 55 1072997  1  0 28 ] ('eqrr', 2, 0, 4)
i=29	[ 0 17 13141631  1  0 28 ] ('eqrr', 2, 0, 4)
i=29	[ 0 201 15226372  1  0 28 ] ('eqrr', 2, 0, 4)
i=29	[ 0 233 3286227  1  0 28 ] ('eqrr', 2, 0, 4)
i=29	[ 0 51 3719612  1  0 28 ] ('eqrr', 2, 0, 4)
i=29	[ 0 57 4762174  1  0 28 ] ('eqrr', 2, 0, 4)
i=29	[ 0 73 9179509  1  0 28 ] ('eqrr', 2, 0, 4)
i=29	[ 0 141 12724005  1  0 28 ] ('eqrr', 2, 0, 4)
i=29	[ 0 195 251309  1  0 28 ] ('eqrr', 2, 0, 4)
i=29	[ 0  3 11119427  1  0 28 ] ('eqrr', 2, 0, 4)
i=29	[ 0 169 14477805  1  0 28 ] ('eqrr', 2, 0, 4)
i=29	[ 0 221 10234773  1  0 28 ] ('eqrr', 2, 0, 4)
i=29	[ 0 157 6164223  1  0 28 ] ('eqrr', 2, 0, 4)
i=29	[ 0 95 11182718  1  0 28 ] ('eqrr', 2, 0, 4)
i=29	[ 0 171 6658915  1  0 28 ] ('eqrr', 2, 0, 4)
i=29	[ 0 101 11790417  1  0 28 ] ('eqrr', 2, 0, 4)
i=29	[ 0 179 10726074  1  0 28 ] ('eqrr', 2, 0, 4)
i=29	[ 0 163 4278599  1  0 28 ] ('eqrr', 2, 0, 4)
i=29	[ 0 65 14073071  1  0 28 ] ('eqrr', 2, 0, 4)
i=29	[ 0 215 10969396  1  0 28 ] ('eqrr', 2, 0, 4)
i=29	[ 0 167 2176192  1  0 28 ] ('eqrr', 2, 0, 4)
i=29	[ 0 33 4880797  1  0 28 ] ('eqrr', 2, 0, 4)
i=29	[ 0 75 217519  1  0 28 ] ('eqrr', 2, 0, 4)
i=29	[ 0  3 5373061  1  0 28 ] ('eqrr', 2, 0, 4)
i=29	[ 0 81 1971988  1  0 28 ] ('eqrr', 2, 0, 4)
i=29	[ 0 31 9183246  1  0 28 ] ('eqrr', 2, 0, 4)
i=29	[ 0 141 7711383  1  0 28 ] ('eqrr', 2, 0, 4)
i=29	[ 0 117 6875316  1  0 28 ] ('eqrr', 2, 0, 4)
i=29	[ 0 105 3831269  1  0 28 ] ('eqrr', 2, 0, 4)
i=29	[ 0 59 15804275  1  0 28 ] ('eqrr', 2, 0, 4)
i=29	[ 0 241 11352113  1  0 28 ] ('eqrr', 2, 0, 4)
i=29	[ 0 173 8403112  1  0 28 ] ('eqrr', 2, 0, 4)
i=29	[ 0 129 9856217  1  0 28 ] ('eqrr', 2, 0, 4)
i=29	[ 0 151 12265402  1  0 28 ] ('eqrr', 2, 0, 4)
i=29	[ 0 187 13633188  1  0 28 ] ('eqrr', 2, 0, 4)
i=29	[ 0 209 10673371  1  0 28 ] ('eqrr', 2, 0, 4)
i=29	[ 0 163 1194012  1  0 28 ] ('eqrr', 2, 0, 4)
i=29	[ 0 19 8342395  1  0 28 ] ('eqrr', 2, 0, 4)
i=29	[ 0 127 12704551  1  0 28 ] ('eqrr', 2, 0, 4)
i=29	[ 0 193 15562129  1  0 28 ] ('eqrr', 2, 0, 4)
i=29	[ 0 237 776349  1  0 28 ] ('eqrr', 2, 0, 4)
i=29	[ 0 11 15464854  1  0 28 ] ('eqrr', 2, 0, 4)
i=29	[ 0 235 8620746  1  0 28 ] ('eqrr', 2, 0, 4)
i=29	[ 0 131 7244279  1  0 28 ] ('eqrr', 2, 0, 4)
i=29	[ 0 111 6104441  1  0 28 ] ('eqrr', 2, 0, 4)
i=29	[ 0 93 8751829  1  0 28 ] ('eqrr', 2, 0, 4)
i=29	[ 0 133 10880094  1  0 28 ] ('eqrr', 2, 0, 4)
i=29	[ 0 167 7626025  1  0 28 ] ('eqrr', 2, 0, 4)
i=29	[ 0 117 5860197  1  0 28 ] ('eqrr', 2, 0, 4)
i=29	[ 0 89 3214659  1  0 28 ] ('eqrr', 2, 0, 4)
i=29	[ 0 49 1216919  1  0 28 ] ('eqrr', 2, 0, 4)
i=29	[ 0 19 15604141  1  0 28 ] ('eqrr', 2, 0, 4)
i=29	[ 0 239 16054795  1  0 28 ] ('eqrr', 2, 0, 4)
i=29	[ 0 245 12712608  1  0 28 ] ('eqrr', 2, 0, 4)
i=29	[ 0 193 6417715  1  0 28 ] ('eqrr', 2, 0, 4)
i=29	[ 0 97 16216663  1  0 28 ] ('eqrr', 2, 0, 4)
i=29	[ 0 247 7599058  1  0 28 ] ('eqrr', 2, 0, 4)
i=29	[ 0 115 1995712  1  0 28 ] ('eqrr', 2, 0, 4)
i=29	[ 0 31 7414350  1  0 28 ] ('eqrr', 2, 0, 4)
i=29	[ 0 113 4234517  1  0 28 ] ('eqrr', 2, 0, 4)
i=29	[ 0 65 12884333  1  0 28 ] ('eqrr', 2, 0, 4)
i=29	[ 0 197 9766461  1  0 28 ] ('eqrr', 2, 0, 4)
i=29	[ 0 149 7463522  1  0 28 ] ('eqrr', 2, 0, 4)
i=29	[ 0 113 10739281  1  0 28 ] ('eqrr', 2, 0, 4)
i=29	[ 0 163 2324688  1  0 28 ] ('eqrr', 2, 0, 4)
i=29	[ 0 35 16448199  1  0 28 ] ('eqrr', 2, 0, 4)
i=29	[ 0 251 5885974  1  0 28 ] ('eqrr', 2, 0, 4)
i=29	[ 0 89 15344291  1  0 28 ] ('eqrr', 2, 0, 4)
i=29	[ 0 235 5796258  1  0 28 ] ('eqrr', 2, 0, 4)
i=29	[ 0 89 6921568  1  0 28 ] ('eqrr', 2, 0, 4)
i=29	[ 0 105 5856886  1  0 28 ] ('eqrr', 2, 0, 4)
i=29	[ 0 89 9145185  1  0 28 ] ('eqrr', 2, 0, 4)
i=29	[ 0 139 5257725  1  0 28 ] ('eqrr', 2, 0, 4)
i=29	[ 0 81 14371601  1  0 28 ] ('eqrr', 2, 0, 4)
i=29	[ 0 219 1778493  1  0 28 ] ('eqrr', 2, 0, 4)
i=29	[ 0 27 7308377  1  0 28 ] ('eqrr', 2, 0, 4)
i=29	[ 0 111 2432162  1  0 28 ] ('eqrr', 2, 0, 4)
i=29	[ 0 37 8154167  1  0 28 ] ('eqrr', 2, 0, 4)
i=29	[ 0 125 5090334  1  0 28 ] ('eqrr', 2, 0, 4)
i=29	[ 0 77 10785331  1  0 28 ] ('eqrr', 2, 0, 4)
i=29	[ 0 165 7527168  1  0 28 ] ('eqrr', 2, 0, 4)
i=29	[ 0 115 14775890  1  0 28 ] ('eqrr', 2, 0, 4)
i=29	[ 0 225 10850789  1  0 28 ] ('eqrr', 2, 0, 4)
i=29	[ 0 165 16517629  1  0 28 ] ('eqrr', 2, 0, 4)
i=29	[ 0 253 506949  1  0 28 ] ('eqrr', 2, 0, 4)
i=29	[ 0  7 10218278  1  0 28 ] ('eqrr', 2, 0, 4)
i=29	[ 0 155 4361964  1  0 28 ] ('eqrr', 2, 0, 4)
i=29	[ 0 67 3374369  1  0 28 ] ('eqrr', 2, 0, 4)
i=29	[ 0 51 15762007  1  0 28 ] ('eqrr', 2, 0, 4)
i=29	[ 0 241 15603424  1  0 28 ] ('eqrr', 2, 0, 4)
i=29	[ 0 239 6608489  1  0 28 ] ('eqrr', 2, 0, 4)
i=29	[ 0 101 10072806  1  0 28 ] ('eqrr', 2, 0, 4)
i=29	[ 0 153 13446949  1  0 28 ] ('eqrr', 2, 0, 4)
i=29	[ 0 205 13498787  1  0 28 ] ('eqrr', 2, 0, 4)
i=29	[ 0 205 10784887  1  0 28 ] ('eqrr', 2, 0, 4)
i=29	[ 0 165 875418  1  0 28 ] ('eqrr', 2, 0, 4)
i=29	[ 0 13 6689566  1  0 28 ] ('eqrr', 2, 0, 4)
i=29	[ 0 103 10819200  1  0 28 ] ('eqrr', 2, 0, 4)
i=29	[ 0 165 4705883  1  0 28 ] ('eqrr', 2, 0, 4)
i=29	[ 0 71 7824906  1  0 28 ] ('eqrr', 2, 0, 4)
i=29	[ 0 119 6084783  1  0 28 ] ('eqrr', 2, 0, 4)
i=29	[ 0 93 9825202  1  0 28 ] ('eqrr', 2, 0, 4)
i=29	[ 0 149 15008718  1  0 28 ] ('eqrr', 2, 0, 4)
i=29	[ 0 229 16455338  1  0 28 ] ('eqrr', 2, 0, 4)
i=29	[ 0 251 6974955  1  0 28 ] ('eqrr', 2, 0, 4)
i=29	[ 0 107 8290221  1  0 28 ] ('eqrr', 2, 0, 4)
i=29	[ 0 127 9793777  1  0 28 ] ('eqrr', 2, 0, 4)
i=29	[ 0 149 5107032  1  0 28 ] ('eqrr', 2, 0, 4)
i=29	[ 0 77 9907706  1  0 28 ] ('eqrr', 2, 0, 4)
i=29	[ 0 151 15923374  1  0 28 ] ('eqrr', 2, 0, 4)
i=29	[ 0 243 2636593  1  0 28 ] ('eqrr', 2, 0, 4)
i=29	[ 0 41 8619431  1  0 28 ] ('eqrr', 2, 0, 4)
